244650012
244309000
244030670
244890610
211228010
244700115
8933576
244790251
244650931
244670429
244630134
205561790
244780902
205370290
244034413
244750379
244383859
244700697
244030549
244750311
244189996
244700877
211885430
244650891
244670638
205045800
244630036
211387530
244670773
244660478
211566720
244770198
205208589
244670799
244013134
244690428
205414790
244670043
244187340
244650861
244013087
244660491
244650986
244710210
244750315
244630237
244890030
205398990
244183511
244670236
244750321
244660069
244660616
244867458
211760700
244006118
244644000
245571000
244060192
244650731
244130438
244375486
244750639
244700226
244660651
244992032
246065018
244002001
211663050
244202194
244710431
244780988
244660749
244690110
244650333
244130310
205463990
244650495
244700468
211267460
244180341
244850073
211499520
244670493
244660008
244710007
205473290
244181389
244660699
244660071
211513170
205247090
244670201
244670591
244670441
244700318
244372228
244690052
279202721
244660098
244790994
244010081
211177440
211510070

244700909
244094246
244710294
205560990
269056758
205223090
244630717
244371029
244076547
211540670
244750832
211315540
244670699
205501090
244690543
244235446
205498490
244700375
244100961
244830231
244710122
244790016
244058470
244660859
244670194
205506690
205552490
244710250
244780955
211418897
205477990
244180880
244700606
244670582
269057016
244620519
211530930
244670338
244660542
205476190
244615886
244690564
244630657
205303490
244710879
244650651
244700661
211512210
244780024
244700012
244670642
245794000
